500 500 1000
1000 1000
0 1000 0
1000 1000 0
1000 0 0
0 0 0
7
quadrangle
0 0 0
0 0 -700
1000 0 -700
1000 0 0
0 255 0
0
0 0
image: trava.png
quadrangle
0 1000 -700
1000 1000 -700
1000 0 -700
0 0 -700
0 255 255
0
0 0
image: clouds.png
sphere
300 50 -200
50
0 255 255
0
0 0
sphere
400 100 -300
100
255 255 0
0.5
0 0
quadrangle
0 0 0
0 1000 0
0 1000 -700
0 0 -700
0 255 100
1
0 0
image: none
quadrangle
0 1000 0
0 1000 -700
1000 1000 -700
1000 1000 0
0 255 0
0
0 0
image: clouds.png
quadrangle
1000 0 0
1000 1000 0
1000 1000 -700
1000 0 -700
0 255 0
1
0 0
image: none
1
800 600 -400
500000